lambdapx=5.000;lambdapy=5.000;lambdapth=20.000;lambdavx=0.000;lambdavth=0.000;kxg=10.000;kyg= 5.000;kthg= 5.000;kxgp=5.000;kygp=7.000;kthgp=7.000;
datos=[0.000,0.000,0.000,0.000,0.000, 0.000, 0.000, 0.000,0.000,0.000,0.000, 0.000, 0.000, 0.000, 0.000, 0.000, 0.000, 0.000, 0.000, 0.000, 0.000, 0.000, 0.000, 0.000, 0.000, 0.000, 0.000, 0.000, 0.000;
0.013,-2.735,9.769,2.526,4.508,-0.020,-0.618,-1.020,0.000,0.000,0.000, 0.520, 0.622, 2.593, 0.046, 0.521, 0.493,-0.048,-0.207,-0.367, 0.500, 0.004, 1.572,-0.003, 0.314, 0.126,-0.099,-0.001, 0.000;
0.024,3.741,6.221,1.030,8.932,-0.020,-0.618,-1.020,0.000,0.000,0.000, 0.520, 0.626, 2.594, 0.086, 0.685, 0.777,-0.091,-0.371,-0.651, 0.500, 0.008, 1.574,-0.005, 0.314, 0.126,-0.099,-0.002, 0.000;
0.037,1.916,12.933,2.176,12.673,-0.020,-0.620,-1.012,0.000,-0.184,0.653, 0.520, 0.632, 2.588, 0.127, 0.836, 1.026,-0.134,-0.522,-0.901, 0.500, 0.012, 1.575,-0.007, 0.314, 0.126,-0.099,-0.002, 0.000;
0.048,2.978,17.957,5.686,15.249,-0.020,-0.620,-1.012,0.000,0.000,0.000, 0.520, 0.636, 2.589, 0.084, 0.963, 1.232,-0.093,-0.649,-1.107, 0.500, 0.015, 1.577,-0.010, 0.314, 0.126,-0.099,-0.003, 0.000;
0.061,4.173,22.674,9.162,17.685,-0.020,-0.620,-1.012,0.000,0.000,0.000, 0.520, 0.640, 2.591, 0.037, 1.084, 1.423,-0.049,-0.770,-1.297, 0.500, 0.019, 1.578,-0.012, 0.314, 0.126,-0.099,-0.004, 0.000;
0.074,5.493,26.934,12.511,19.916,-0.020,-0.620,-1.012,0.000,0.000,0.000, 0.520, 0.644, 2.592,-0.012, 1.195, 1.593,-0.003,-0.881,-1.467, 0.499, 0.023, 1.580,-0.015, 0.314, 0.126,-0.099,-0.005, 0.000;
0.085,4.315,30.527,12.753,22.089,-0.020,-0.618,-1.020,0.000,0.198,-0.702, 0.519, 0.645, 2.602, 0.026, 1.277, 1.718,-0.042,-0.963,-1.592, 0.499, 0.027, 1.582,-0.017, 0.314, 0.126,-0.099,-0.005, 0.000;
0.097,5.602,33.360,15.362,23.600,-0.020,-0.618,-1.020,0.000,0.000,0.000, 0.519, 0.649, 2.603,-0.018, 1.354, 1.831,-0.001,-1.040,-1.706, 0.499, 0.031, 1.583,-0.019, 0.314, 0.126,-0.099,-0.006, 0.000;
0.109,4.216,36.420,15.111,25.524,-0.020,-0.618,-1.020,0.000,0.000,0.000, 0.519, 0.652, 2.605, 0.020, 1.421, 1.928,-0.042,-1.108,-1.802, 0.499, 0.034, 1.584,-0.021, 0.313, 0.126,-0.098,-0.007, 0.000;
0.120,5.508,38.489,17.365,26.632,-0.020,-0.618,-1.020,0.000,0.000,0.000, 0.519, 0.656, 2.606,-0.022, 1.480, 2.010,-0.001,-1.167,-1.884, 0.499, 0.038, 1.586,-0.024, 0.313, 0.126,-0.098,-0.007, 0.000;
0.133,3.820,41.185,16.556,28.450,-0.020,-0.620,-1.012,0.000,-0.180,0.640, 0.518, 0.662, 2.600, 0.019, 1.537, 2.084,-0.045,-1.224,-1.958, 0.498, 0.042, 1.587,-0.026, 0.313, 0.126,-0.098,-0.008, 0.000;
0.145,5.447,42.711,18.949,29.209,-0.020,-0.618,-1.020,0.000,0.187,-0.662, 0.518, 0.664, 2.609,-0.026, 1.586, 2.146,-0.003,-1.273,-2.020, 0.498, 0.045, 1.589,-0.029, 0.313, 0.126,-0.098,-0.009, 0.000;
0.156,4.168,44.697,18.244,30.621,-0.020,-0.618,-1.020,0.000,0.000,0.000, 0.518, 0.667, 2.611, 0.013, 1.629, 2.198,-0.043,-1.316,-2.073, 0.498, 0.049, 1.590,-0.031, 0.313, 0.126,-0.098,-0.010, 0.000;
0.167,5.051,43.274,19.643,28.682,-0.018,-0.620,-1.025,0.201,-0.201,-0.453, 0.515, 0.673, 2.617,-0.029, 1.589, 2.242,-0.004,-1.276,-2.117, 0.497, 0.053, 1.592,-0.033, 0.312, 0.126,-0.098,-0.010, 0.000;
0.179,5.969,41.246,19.807,27.408,-0.018,-0.620,-1.012,0.000,0.000,1.078, 0.515, 0.677, 2.606,-0.073, 1.544, 2.198, 0.038,-1.232,-2.073, 0.497, 0.056, 1.593,-0.035, 0.312, 0.126,-0.098,-0.011, 0.000;
0.191,4.608,39.879,17.959,26.528,-0.018,-0.620,-1.012,0.000,0.000,0.000, 0.514, 0.680, 2.607,-0.036, 1.501, 2.154,-0.001,-1.189,-2.029, 0.496, 0.060, 1.595,-0.038, 0.312, 0.126,-0.098,-0.012, 0.000;
0.202,6.060,37.786,18.862,24.985,-0.018,-0.620,-1.020,0.000,0.000,-0.717, 0.514, 0.684, 2.616,-0.077, 1.457, 2.110, 0.038,-1.146,-1.984, 0.496, 0.063, 1.596,-0.040, 0.312, 0.126,-0.098,-0.012, 0.000;
0.213,7.045,35.863,19.225,23.683,-0.016,-0.623,-1.012,0.204,-0.204,0.725, 0.511, 0.689, 2.610,-0.118, 1.414, 2.063, 0.076,-1.103,-1.937, 0.496, 0.067, 1.598,-0.042, 0.311, 0.126,-0.098,-0.013, 0.000;
0.224,5.726,34.424,17.341,22.809,-0.016,-0.623,-1.012,0.000,0.000,0.000, 0.511, 0.693, 2.611,-0.082, 1.371, 2.014, 0.038,-1.059,-1.889, 0.495, 0.070, 1.599,-0.044, 0.311, 0.126,-0.098,-0.014, 0.000;
0.236,6.879,32.276,17.787,21.368,-0.013,-0.625,-1.004,0.185,-0.185,0.675, 0.508, 0.699, 2.604,-0.127, 1.323, 1.958, 0.080,-1.012,-1.832, 0.495, 0.074, 1.600,-0.046, 0.311, 0.126,-0.098,-0.015, 0.000;
0.257,4.355,29.418,13.955,19.818,-0.013,-0.625,-0.999,0.000,0.000,0.218, 0.507, 0.705, 2.603,-0.056, 1.238, 1.857, 0.006,-0.928,-1.731, 0.494, 0.080, 1.603,-0.050, 0.310, 0.126,-0.097,-0.016, 0.000;
0.269,5.526,27.270,14.485,18.311,-0.011,-0.627,-0.991,0.185,-0.185,0.683, 0.504, 0.711, 2.596,-0.101, 1.189, 1.796, 0.049,-0.880,-1.670, 0.493, 0.084, 1.605,-0.053, 0.310, 0.126,-0.097,-0.017, 0.000;
0.280,6.968,25.109,15.302,16.775,-0.009,-0.627,-0.999,0.200,0.000,-0.737, 0.501, 0.715, 2.605,-0.143, 1.145, 1.742, 0.088,-0.835,-1.616, 0.492, 0.087, 1.606,-0.055, 0.309, 0.126,-0.097,-0.017, 0.000;
0.291,8.133,23.093,15.732,15.493,-0.007,-0.629,-0.991,0.198,-0.198,0.730, 0.498, 0.720, 2.599,-0.185, 1.100, 1.685, 0.128,-0.791,-1.559, 0.492, 0.091, 1.607,-0.057, 0.309, 0.126,-0.097,-0.018, 0.000;
0.303,6.594,21.643,13.485,14.752,-0.007,-0.632,-0.979,0.000,-0.194,1.095, 0.498, 0.726, 2.587,-0.146, 1.055, 1.625, 0.087,-0.746,-1.500, 0.491, 0.095, 1.609,-0.059, 0.308, 0.126,-0.097,-0.019, 0.000;
0.314,8.176,19.396,14.420,13.153,-0.002,-0.632,-0.991,0.384,0.000,-1.087, 0.493, 0.730, 2.602,-0.190, 1.009, 1.568, 0.128,-0.701,-1.442, 0.490, 0.098, 1.610,-0.062, 0.308, 0.126,-0.097,-0.019, 0.000;
0.326,9.332,17.471,14.815,11.988, 0.000,-0.634,-0.979,0.198,-0.198,1.121, 0.490, 0.735, 2.590,-0.232, 0.966, 1.510, 0.168,-0.658,-1.385, 0.490, 0.102, 1.612,-0.064, 0.308, 0.126,-0.097,-0.020, 0.000;
0.337,10.609,15.514,15.470,10.653, 0.002,-0.636,-0.979,0.203,-0.203,0.000, 0.487, 0.741, 2.592,-0.272, 0.924, 1.455, 0.206,-0.617,-1.330, 0.489, 0.105, 1.613,-0.066, 0.307, 0.126,-0.096,-0.021, 0.000;
0.349,11.840,13.617,15.893,9.563, 0.004,-0.638,-0.958,0.185,-0.185,1.742, 0.484, 0.747, 2.572,-0.317, 0.878, 1.391, 0.248,-0.571,-1.265, 0.488, 0.109, 1.615,-0.068, 0.307, 0.126,-0.096,-0.021, 0.000;
0.360,10.605,12.155,14.057,8.703, 0.007,-0.641,-0.958,0.202,-0.202,0.000, 0.481, 0.753, 2.574,-0.280, 0.837, 1.334, 0.210,-0.531,-1.208, 0.487, 0.112, 1.616,-0.070, 0.306, 0.126,-0.096,-0.022, 0.000;
0.371,11.865,10.375,14.599,7.641, 0.009,-0.643,-0.945,0.203,-0.203,1.116, 0.478, 0.758, 2.563,-0.321, 0.796, 1.276, 0.248,-0.490,-1.150, 0.487, 0.115, 1.617,-0.073, 0.306, 0.126,-0.096,-0.023, 0.000;
0.382,13.190,8.583,15.247,6.527, 0.013,-0.645,-0.936,0.401,-0.200,0.799, 0.472, 0.764, 2.555,-0.362, 0.755, 1.217, 0.288,-0.450,-1.091, 0.486, 0.119, 1.619,-0.075, 0.305, 0.126,-0.096,-0.023, 0.000;
0.403,11.018,5.734,11.671,5.081, 0.016,-0.650,-0.936,0.106,-0.212,0.000, 0.468, 0.775, 2.558,-0.292, 0.679, 1.108, 0.213,-0.374,-0.982, 0.484, 0.125, 1.621,-0.079, 0.304, 0.126,-0.096,-0.025, 0.000;
0.415,12.415,3.864,12.436,3.843, 0.020,-0.652,-0.927,0.379,-0.190,0.775, 0.463, 0.781, 2.550,-0.336, 0.636, 1.048, 0.255,-0.333,-0.922, 0.483, 0.129, 1.623,-0.081, 0.304, 0.126,-0.095,-0.025, 0.000;
0.426,11.145,2.459,10.481,3.123, 0.022,-0.654,-0.915,0.194,-0.194,1.057, 0.460, 0.786, 2.539,-0.297, 0.595, 0.989, 0.214,-0.292,-0.864, 0.482, 0.132, 1.624,-0.083, 0.303, 0.126,-0.095,-0.026, 0.000;
0.438,12.664,0.505,11.323,1.846, 0.025,-0.656,-0.915,0.186,-0.186,0.000, 0.457, 0.792, 2.541,-0.342, 0.552, 0.930, 0.256,-0.250,-0.804, 0.481, 0.136, 1.626,-0.085, 0.302, 0.126,-0.095,-0.027, 0.000;
0.450,14.477,1.416,12.443,3.450, 0.029,-0.661,-0.906,0.388,-0.388,0.818, 0.451, 0.800, 2.533,-0.384, 0.592, 0.873, 0.297,-0.290,-0.748, 0.480, 0.139, 1.627,-0.088, 0.302, 0.126,-0.095,-0.028, 0.000;
0.462,13.197,-0.070,10.466,2.660, 0.031,-0.663,-0.894,0.186,-0.186,1.004, 0.448, 0.806, 2.522,-0.344, 0.549, 0.814, 0.254,-0.248,-0.688, 0.479, 0.143, 1.629,-0.090, 0.301, 0.126,-0.095,-0.028, 0.000;
